108
108
108
108
108
108
108
108
108
108
108
108
108
108
108
108
108
101
98
99
102
108
108
108
108
108
108
108
105
103
106
108
108
108
108
94
79
64
50
52
54
54
53
52
51
50
50
50
50
50
51
51
51
50
50
49
49
47
45
44
43
42
43
45
45
45
45
45
45
46
46
46
47
47
47
47
46
47
47
48
48
48
48
48
48
48
48
48
47
45
76
74
81
83
84
84
85
83
84
87
87
86
85
84
84
89
90
90
91
92
92
89
86
83
86
86
86
86
87
88
91
95
101
103
103
103
103
103
103
103
103
103
103
103
103
103
